Chem,Intercept,B1,B2,B3,B4,B5,B6,B7,B8,B9,B10,B11,B12,B13,B14,B15,B16,B17,B18,B19,B20,B21,B22,B23,B24,B25,B26,B27,B28,B29,B30,B31,B32,B33,B34,B35,B36,B37,B38,B39,B40,B41,B42,B43,B44,B45,B46,B47,B48,B49,B50,B51,B52,B53,B54,B55,B56,B57,B58,B59,B60,B61,B62,B63,B64,B65,B66,B67,B68,B69,B70,B71,B72,B73,B74,B75,B76,B77,B78,B79,B80,B81,B82,B83,B84,B85,B86,B87,B88,B89,B90,B91,B92,B93,B94,B95,B96,B97,B98,B99,B100,B101,B102,B103,B104,B105,B106,B107,B108,B109,B110,B111,B112,B113,B114,B115,B116,B117,B118,B119,B120,B121,B122,B123,B124,B125,B126,B127,B128,B129,B130,B131,B132,B133,B134,B135,B136,B137,B138,B139,B140,B141,B142,B143,B144,B145,B146,B147,B148,B149,B150,B151,B152,B153,B154,B155,B156,B157,B158,B159,B160,B161,B162,B163,B164,B165,B166,B167,B168,B169,B170,B171,B172,B173,B174,B175,B176,B177,B178,B179,B180,B181,B182,B183,B184,B185,B186,B187,B188,B189,B190,B191,B192,B193,B194,B195,B196,B197,B198,B199,B200,B201,B202,B203,B204,B205,B206,B207,B208,B209,B210,B211,B212,B213,B214
1C,6862.012276246418,0,0,0,0,0,0,0,0,1334.4175660738977,1177.7687167083316,1420.0431848109763,902.9911321115786,947.1602062407975,829.680316146152,860.2672235388252,727.8246482364324,928.0115403830729,837.7597248837819,714.7051649984941,1022.1110081341404,967.9863417401373,1043.0629061446919,919.9217635703553,1015.1217039486953,885.0742660761888,1027.500325889637,989.2971071429648,889.441330605287,979.1355815387695,769.4076711038362,957.9592050109006,787.2497564714263,1048.2029151709435,911.9987335383302,829.8096136528358,824.2335273289942,1192.5005765789465,857.93153779772,923.0471746358434,1132.41109521927,917.0416475062423,907.0045170066945,1002.8219052784564,932.4460678082522,788.7945510186771,996.8706247731864,899.2337094465636,808.6640732085929,1062.2896261673905,781.0279532690647,951.6836451112765,762.4852700933915,999.1666940510454,861.8073749553018,1145.2118862909697,1114.7552177350024,870.0024742309207,1077.5023006780443,2754.791951491276,1351.222762324779,1283.7707987334295,1257.3387802119662,1212.265315459678,1534.635730075533,1318.5751929095875,1381.940041125318,1395.0272604516942,1473.640059875047,1288.9722562720551,1279.4057157486177,1610.3542323542592,1301.3414120540017,2015.3350813928248,1842.5652079847007,1760.4157480711458,2072.770443295569,1953.1663963211222,1446.280416592534,1702.9436459367967,1983.369668616333,1881.9732254364837,1722.67178796531,1424.1287417233436,1771.8709943119154,1806.7276528451343,1928.0503418160652,1952.3405541432792,1846.9179657380353,1899.266657141746,1652.0189842690909,1765.2855469537437,1518.0845130029538,1724.6222552726872,1620.8198463415335,2061.549125850115,1500.2493294355716,1618.4094011115758,1948.5090302881695,1877.134483310834,1410.5217945229908,1668.3578657243067,1755.9487950038288,2164.512037689734,2326.103836909679,2019.24276956449,1742.7484257283775,2233.0495556685587,1826.0702065189823,1988.8239392151036,2009.350907836572,2662.826779288415,2526.857888555167,2972.2330416653235,2266.3209647113003,1763.6297451390217,1959.9867688683269,2381.444166828799,1324.9129746573194,2192.8742175848665,2041.6613110347992,1728.3747974224993,1873.2667411730426,1656.6372929944268,1512.0361911278562,1855.5181751602365,1771.5843473436726,1734.1539336686844,1916.050583314099,1753.854908353368,2171.604840953033,1446.1463423294788,1746.617633625166,1877.1032635258869,1802.9617503002517,1748.2602789675336,1687.6111784702196,1590.877072927682,1553.388361027228,1790.3696755346357,1584.4621838819096,1775.3115092259964,2280.0525682406587,2000.5991199579057,1725.8298054489082,1563.1358384718374,1903.4258903296063,1806.6949567434365,2285.812548135843,2030.5870990028568,1998.6667212686893,2172.7918130721164,1950.4570768117812,2082.1704133075414,2327.2371744825173,2112.4168189785673,2104.240724671591,1589.186035951868,1722.1359667542067,1538.7608527582054,1400.3196348806564,1359.660093489882,1939.3382633829988,1698.1274877395738,1741.2915092241922,1461.7323061464665,1767.3003457631412,1643.7499430729063,1874.3995142349956,1645.3355754394017,1792.9470490343126,1503.6601554542424,1358.4062553006645,2064.6513519977007,1824.6586306246065,1700.5253997177797,1667.1641278459488,2160.0845012198047,1546.5849206462392,1393.8493128977511,1464.202813662827,1679.5461977659645,1416.8707043433299,1522.8716517538196,1601.666722931276,2239.322611930909,1487.2981194960191,1639.5368962652376,1477.6752038827915,1411.182931698581,1705.3789290052723,1898.6012391848126,1771.039794310691,0,0,0,0,0,0,0,0,0,0,0,0,0,2246.1657876624267,1980.0374309601639,2388.1284778737263,1859.2888843006513,1547.9367206580946,1932.2301577007918,1624.0656168382964,1507.2868297294574,1384.7728944062228,1285.2214874017973,1169.29025676003,1286.7744687702166,1731.0300123232946,1380.800895104741,1059.9923143375486,1348.6512659271805,1025.3214650528287,1040.3709909590004,1144.49416852915,968.5891282994878,985.0227009681435,960.4866868000689,1307.3202148778062,1020.3673198399312,1201.3696363994175,996.4554903019985,1093.5808241335478,809.3080475904711,792.4750588646132,860.3617697308918,900.8631387222329,1226.1493951553182,1151.4385599657364,3289.1148421043376,1147.3321714022475,1042.174629662034,1158.8798142595358,1312.130288636106,928.3459294941483,1208.617297887677,1189.1795453678726,1050.633355498135,1154.8534082851343,964.6525747218824,1091.4283636636696,980.5977266109904,1430.9656821573067,1026.4271109332128,1218.5143880819521,1433.8752981949326,1481.2439043013312,1514.766618126559,1502.4027644228947,1132.3039180045685,1391.6345813777837,1326.7474996077265,1198.4600795493998,1422.418148160111,1367.6126472479502,1360.1038332676453,1310.596454033562,1260.4980854393286,890.1827044614638,1255.7076219731518,1228.8182369740312,1413.1903392086583,1257.2645465140051,1235.2469646803893,1151.230664118169,1272.9182139872328,1290.8741010029444,1384.1748848176355,1075.3039652192617,1565.6638907887948,1314.8077375579244,1551.9768414921914,1800.096400510973,1650.7933261910105,1995.15109647908,0,0,0,0,0,0,0,0,0,0,0,0,0,0,0,0,0,0,0,0,0,0,0,0,0,0,0,0,0,0,0,0,0,0,0,0,0,0,0,0,0,0,0,1503.8502369659332,1519.142140753745,1269.617536591088,1190.1632554674968,1206.8009579480158,1309.3165028203102,1484.5614817098433,1668.3683898485933,1385.9482329906689,1118.3525003297666,1397.865670821732,987.4519506192112,1030.6270173997239,1021.5430845520892,1162.2465249444,1158.401192355669,879.1623294504182,1298.4332752330063,1575.96541939017,1160.3162114219438,986.6047641974498,1213.9033609153914,1254.7126543499955,1086.3539866705728,1251.7305543551138,1376.0147670883916,1516.4481296027368,1387.9705051761139,1287.1121961925267,1462.3885894339583,1174.3003726328632,1011.7082362995859,1413.1288472737965,1392.7668916590203,1235.0898943638542,1381.0559126681171,1374.1656281961375,1383.7619560940273,1276.5434649888202,1338.1422836673685,1258.5484769916256,1773.219087173508,1332.9605030168354,1346.7367062692683,1271.6670193652296,1556.3805905185068,1595.5652168091026,1319.8328729317025,1453.7406899166228,1266.9732172174056,1262.431752385503,1156.8483503533892,1412.600477543343,1550.7743093153563,1385.0430956598864,1186.6304352017057,2029.5013495527082,1524.2919492296617,1370.5453888184595,1586.0425296292387,1809.2370378333599,1164.2819795169546,1392.564623355825,1903.3699778963942,1964.256510287282,1470.340123498151,1555.7820799856784,1730.547120993603,1418.1925792395161,1335.643459962273,2106.9238631241765,1599.5827744434125,1848.898446955562,1656.3402888591354,1235.068745552614,1881.8951513453192,2258.7504190366512,1566.176197836993,1644.7870172958567,2434.4857802494416,2241.862229614655,1666.8793132916105,1337.2030662846087,2299.2018964605427,2819.1526815681173,2451.9008688764616,2167.536092485667,1631.5783632885014,2573.6903872840553,2029.6861855483069,0,0,0,0,0,0,0,0,0
Co,1209.5217591070548,0,0,0,0,0,0,0,0,285.2711936485826,242.30306119857497,211.08160850084022,192.90221469991738,168.06782823370733,126.56907722344921,164.89037818280616,168.77727160182735,192.61948209591012,164.41714727741632,185.6122073017716,173.2614429178422,144.95183609001796,212.43267100496942,190.91776309857016,188.23724683269663,222.9631506472102,187.56427499294958,186.23046694665467,193.09852928399337,187.65695523658928,164.98196977924638,150.21838974154267,178.92555805477713,205.11481182425388,174.41340177011926,184.33712118080322,172.64688033323915,218.12279219128843,199.22833936530415,140.27973929471705,125.01824060825209,137.8000294383547,168.28891075392139,140.69532731690435,140.6963847689666,169.5913929858107,169.00570555892875,157.8562747629161,174.5278556276788,139.29096956036705,158.52444146971644,181.46250880990672,161.64709569002878,187.62913616928424,152.67623146184854,189.62489378758093,222.85627466933758,224.90605315108155,200.9188374339197,328.7845532541093,255.23172714099306,228.43513260615916,191.4127279356441,253.77459160772324,255.62535364958288,246.62689665046827,260.3354635911337,261.1686036719898,199.6293973845787,246.31001151991686,275.03221384068934,273.79222174109793,281.2253104807245,297.3222244200615,283.67346054790903,299.3365780505066,443.49336751736206,385.768912314717,276.9421345785246,375.4732435658942,279.6666549435713,332.9540579595093,335.7606772311493,325.78179130040843,358.12978988490386,335.9948240358409,356.7524865041903,289.4872624113113,306.85077831120543,255.04627103451313,326.3439006438208,330.917985197147,309.6927977442509,348.59029572860953,366.6567905960171,297.0913103359115,323.8993642208431,356.7506479277489,318.9676018479184,303.1463757927703,311.3446065185225,307.95908670312826,322.77866786396737,334.8775386072964,344.06581371353155,316.1015166580405,414.44327300841314,311.403862427173,348.1937745188223,323.7397157586548,404.7519433867804,460.5170211377942,418.8969678566001,378.3994689490731,323.43352824864087,456.3909332419288,310.2951522642378,353.9912203251466,285.8579003099627,251.09139001628563,318.29520322823595,243.8257354238035,346.8938112327052,300.39768401445696,309.9405936937211,382.4993607139473,316.2326529850895,315.7224303747249,272.8753201659959,283.7439609058992,300.9040652882242,299.7556803086382,244.45328408367834,335.90263724640886,272.7269678715246,335.08183072470297,314.7035984419518,354.2313050538842,301.60776849364606,264.70621007909756,299.1248374414437,248.50570471811966,248.76107724570988,332.4854481360075,284.1581188001167,377.50189305392826,361.90509993843784,452.7365804115529,421.54636957002737,461.27625498050696,374.1130567475309,330.95210194023804,417.67565017848835,331.784346071696,378.27147945047454,435.9182800283958,371.51986463425897,293.91963607382456,299.15956153982705,255.10123780863063,305.9608450710922,250.84841952471143,279.4045469462347,222.05858146373257,240.86351386242237,324.28472359646344,280.0195121171819,289.53846821884827,269.2180229859585,327.3533462758514,269.24267232055735,299.15655014385396,271.87370250460106,272.5771942811417,280.96981892118725,279.0273561841638,337.0340648776728,316.5925782718621,237.20975537273114,305.2098173335554,308.9218368505191,275.431284930612,324.67817652111904,287.8261568940352,315.42807209586897,347.4973662550213,271.79725773304153,275.8256470193069,258.5342731059705,305.8677504170048,249.08657468334522,367.2019582783536,336.78812388332875,0,0,0,0,0,0,0,0,0,0,0,0,0,319.97380110897814,378.56702637893125,382.86034964265934,281.5955973974523,319.08609298535623,294.37345278067977,329.57049141972453,251.74098630356056,309.41351387561184,229.11697316894657,237.03117969731235,249.74633650390538,262.2490599558739,209.79445443976047,231.7091927879141,213.3697087417816,251.1225184775754,159.51462997347878,186.0242695473096,192.4708218081475,206.14125091894454,197.92416781235693,222.07725143379577,242.47281092027973,154.9641958243535,171.1376238098283,170.08522916785697,188.69609803262554,229.67026932945825,190.8733644254249,194.29383147800542,183.5200837237025,210.11022121116142,414.1892684512218,161.88688399722844,182.35323343983146,200.16603367537087,193.1829736548454,208.68516153911034,209.10089993741317,236.06150757100056,198.16636158564373,215.8982749546959,169.48189838378164,200.31868000993111,172.370316925754,213.58395235860118,212.41930912894549,208.62455656790974,211.7450045148791,266.1034776294652,238.79613740089508,254.5632619805469,208.86787014558323,181.87526985612308,191.32720113361745,238.56860104539993,256.7867335536805,215.6690498406424,227.5157357810541,285.0399058316415,172.2263533744586,210.4728561449444,231.72547171298922,256.56506944061965,207.97145612718467,231.538564237579,236.94297125443921,190.03017450560185,246.52060871331008,189.96305724573776,260.37889543035413,274.0371183625683,250.80950477657387,254.94075629381547,211.22847661206887,253.69297053006278,374.5033704189198,362.2552402238523,0,0,0,0,0,0,0,0,0,0,0,0,0,0,0,0,0,0,0,0,0,0,0,0,0,0,0,0,0,0,0,0,0,0,0,0,0,0,0,0,0,0,0,312.7067661535835,257.60839460094445,247.64521804810613,243.997084720119,223.16270190148384,262.56819470857374,286.06739920368733,260.7116566121519,296.4587936657445,252.1701004514425,244.48553417180293,174.33029915506,202.62155788537243,203.59111149961808,199.9362860264511,183.39919358833575,262.2430722276681,149.41368392697393,247.15716219807544,186.76112529315944,259.267383796568,211.29709385310596,197.14204328322,213.54451054093545,279.0876289645388,245.7195908080917,198.97622865589364,273.37319113924985,215.55300038807778,195.91758800878233,235.06577720466416,255.03082148464668,231.95515564570357,250.92112046557932,288.0937610898539,204.3157480358661,280.1783395018513,223.18612836397418,275.0230049684765,232.5979070639655,190.92732776022012,267.38965266854547,206.83895286949883,272.1345337508935,275.4810427509667,278.32847659729435,207.7295097009844,234.04033639862848,221.98296803608886,226.1877329202241,211.63462852986896,256.2123300722448,281.21077887049637,249.80712622431784,334.55528162650216,213.6686831016427,271.2138805443571,287.01697602776454,338.03551900452754,271.4115899965123,283.21192099893335,255.21088364314375,278.1069038270109,264.88368905988864,239.74475312652254,323.68650020429396,290.8311899593152,317.73338318841735,321.40142012896683,342.12145754548794,295.68397016081786,258.71093481776865,359.2630393023049,285.88573753713047,238.9014409570471,238.1040790694538,368.4539186418764,283.7226464020723,336.8620942590686,341.05151976273856,300.64563916304843,412.457673359536,345.89283012790855,361.84235454706226,339.728908826576,444.5574138248036,507.66163836623116,350.5119537825146,365.4572740494019,457.017804642882,0,0,0,0,0,0,0,0,0
Cr,1167.813755317587,0,0,0,0,0,0,0,0,389.3229081438673,264.4968999179672,272.2652320547533,252.72501097796743,211.84405835826084,269.1463618697025,176.6723666846162,157.83115652378814,217.95136473005755,201.60965826231774,200.0331763229329,201.81654691231276,199.37540609534344,215.1759160481185,195.05759737597916,196.12064038148722,167.44768696418254,178.58232681739682,197.42392984907866,215.60005363220992,226.93556240631622,217.53861146831755,243.03524657456188,203.39146139082754,192.36739144560354,198.57499601844674,186.57750283305506,207.84843459826587,186.17008619335886,171.0935948528999,210.25835871574523,164.7694999048825,175.0880003195351,199.12907398628147,202.56672211621833,185.6486254776835,224.00241267368807,216.98262475550823,280.35717829947004,202.77135335945755,183.12951603756227,218.9428107309426,143.39326240916697,266.0449772674911,216.35890816796376,176.56311800489584,216.7414887309485,198.97941541573246,188.29631533452113,211.40634902541052,361.159005556277,260.9458293017046,246.24605963869826,224.75906652911968,294.5145182987996,279.3207976149151,310.7277474169391,288.08405464626657,224.95102491840942,321.3214743072846,283.9521427860368,263.8014666051464,363.03433558620037,337.314296456017,344.95188906795073,375.3713356412847,345.29953617890084,416.892698697202,404.25337712334,374.8484983349199,411.4458474563271,308.8587843614455,374.8500170332703,311.04276466188054,343.62161791047225,423.00209044969654,500.75387684075304,379.47677131244274,445.27520056040584,403.56691228764487,448.74840414837894,359.28319564985475,551.4466917980593,383.7195538509976,509.8320898027236,410.44489973287045,429.5483714370193,496.33287949611986,344.8445791581674,479.202025897542,405.9806089168338,554.6860223934618,313.841073650439,374.45949260659836,397.33819436955935,375.7147695323899,507.3147577020676,461.3910931930256,446.27266203202714,506.40065563996666,428.2191593814775,571.4417055151454,567.6171035615865,514.9560244428103,610.8142017004637,604.6694366205038,418.145348383947,469.647530709343,483.63827919482844,306.2673153371722,393.5006914904202,467.5678923988698,510.40932087707006,420.26985729318915,432.5216204661353,331.97226490484354,424.0388124671166,430.65278932946103,458.31971895527016,397.69930366522533,455.62282602523254,518.5796991982561,440.6457385519841,540.7425208903879,390.0064820377055,466.53366337145314,378.8946848989334,371.06815659919323,377.49197441941664,406.03507877916354,391.99903699231805,348.6475336592506,560.1660709663364,383.9430800976824,417.76588639731057,411.8931387352613,356.44654829297764,491.5841280659126,497.8664977591241,649.6574927199762,442.5127752414084,492.99242606003907,419.66863291288,485.1722154008243,450.05258956409045,372.63011858317105,496.8910949296648,416.3502835162693,412.8421334375794,305.16927648687,374.4167414122182,372.17401652482306,387.00629857395165,367.7311143823033,360.8861197770591,342.9222661786157,351.3352771559411,475.59872979913956,323.04734799817595,376.4236650309627,374.1037362715837,364.13512153121343,340.0601978516325,242.59583986154547,376.39011561392147,319.1379338333218,369.33146992551934,405.99277589891165,415.72067308640004,385.6891549110675,358.0452574527739,360.8089366939248,335.0030006161525,327.7536970067427,317.2131661041063,357.37920266848295,572.9888778054363,450.6912219367306,370.83368992921544,299.28607082420757,328.8918361124583,352.6489892335144,364.68405460898316,444.8835766729802,0,0,0,0,0,0,0,0,0,0,0,0,0,439.5381903659551,582.503018939117,387.9534202257761,434.4708503628937,405.4307351835711,393.8533032501815,334.0286238654875,358.0912869135857,343.08751437138864,264.2065672926448,267.79689400374485,318.4759438019139,303.425188046408,262.5524792293201,247.3426427236382,219.75958901510518,246.160592759107,207.77128414922205,250.4558523780401,203.9891372074647,222.40715102416715,233.67467045715168,240.95726490073213,181.4476516120957,189.4786106307736,170.39699258839036,207.11897277749938,221.18399397858113,238.93796724826092,180.6719607938183,225.09144546781218,249.5312266135736,258.42070954229683,266.3096718553815,191.37259785524188,231.1635950580328,218.78545723834534,198.16698795822074,212.60965650144465,222.12020608223827,223.1251412206608,261.4252010077658,242.08799128994383,247.94121001842007,260.0714464017731,279.87566901819923,194.94456873767388,268.10750119481975,281.82927029651404,237.3684049243722,271.9557334406055,258.3588094403389,278.51789637680105,228.4059914355372,250.9740628528429,282.70786324631075,276.8488644225824,285.3864853271855,237.71296191694634,230.69804485913656,326.9048419181947,206.93811566426703,250.97573669544732,271.8499510394524,307.2868997286522,290.14186016598654,278.2420305282442,231.02653296560226,289.633113990505,282.4412764994584,249.233906129545,225.05381376738077,223.57300347639872,284.77067371676276,322.2257426529861,323.0057013102322,271.0169434604608,337.1467146856803,444.14478702249147,0,0,0,0,0,0,0,0,0,0,0,0,0,0,0,0,0,0,0,0,0,0,0,0,0,0,0,0,0,0,0,0,0,0,0,0,0,0,0,0,0,0,0,498.2361395785719,330.12037479710455,225.31937727443403,200.4651705385978,289.1484801451003,316.94686710556033,320.0311147444176,326.26082176975973,318.5099922125761,340.3739146201209,290.2994404036492,259.00856913674215,202.9757853331583,221.5143585773341,299.6025958772993,254.38171114647344,257.62267755116943,275.197051708478,270.1271298753892,243.14265039625943,245.93079023738863,235.50313671485756,236.94657515656183,181.6381384499364,269.204327196436,321.4307476306035,241.66673564345882,236.19611455763868,271.87384270985115,247.94973560935443,262.8874345138742,261.79732214012506,243.60269699391782,303.5214632910188,302.71332716542287,257.34529028087974,261.3017646174156,289.39069448102805,250.3756210383539,293.36208881717073,295.39085640824845,349.3386671701721,283.9362527702756,263.78009127864715,325.8637189818488,264.2027176967573,298.3288882538501,317.90557348848785,257.51984241959906,338.82986647601575,240.91932384962288,328.95984544365064,308.9303059139184,267.12386690610975,340.0314149288982,260.0352667621373,309.79069831465716,383.5747132958505,248.30265346431364,391.8785044273614,283.11370943375096,332.6547481097791,290.3055056455041,379.2360664545305,323.39644258329827,320.07565346875793,266.7006811953338,349.74022911862625,284.6545374587479,381.23390149979787,314.36471920317643,323.0450636866692,452.1659783674804,420.77773707101255,442.4554508901471,354.629125751499,398.70972133056586,352.35559904406415,393.78247194338246,526.5510105371092,494.4727829514762,371.0819906988106,382.33321336031116,345.9627363933075,349.57385513735284,690.308566249864,410.6249836688379,396.1493190323684,566.4706275861931,482.42232577701793,0,0,0,0,0,0,0,0,0
Cu,11130.343589772576,0,0,0,0,0,0,0,0,2532.1322398635175,2162.1389278605157,2069.9908646650692,1896.2483151007464,2012.6214090264634,1760.9651370469644,1523.6052406639628,1547.3176073381699,2140.8364320738356,1488.0984982272098,2123.358299554259,1554.9472114958098,1480.8990188118207,1434.294191524293,1963.766800147154,1828.7002337829567,1650.410916104705,1918.2083153177086,1784.3019325281375,2061.3537432874955,1845.4144086669241,1952.6547896700015,1709.194485335081,1546.7185310324082,1868.5258277935743,1327.4109634253866,1288.1969663895516,1730.3404469042403,1544.3304502155693,1875.6968942213387,1720.2563114734194,1419.6091621806609,1685.1255947129828,1369.1933595084265,1253.1291412707885,1496.8895547092097,1569.483261039114,1682.365801046413,2721.1295011961033,1378.5611534624154,1417.9756152418715,1508.1787990158896,1416.9997638030165,1827.4865372741865,1382.1966989484388,1696.8962253968157,1454.40766428777,2307.626783869241,2021.399153085895,1557.6835559561118,4140.196718218919,2011.097275925951,2386.563144094189,2282.9963801248878,2177.19956616195,2243.9654470586866,2253.2255009178175,2675.841565811239,2347.835383004693,2143.4650152171057,2257.919617768105,2673.509645256656,2759.1821567019992,2876.836885011886,3132.014899228764,2556.8440687337497,2734.953371943646,3241.0365144877514,3517.1297841238033,2934.3739324957796,2641.377989488375,3423.289033752031,2638.252501636869,3148.385246402784,2823.5059234484397,3221.531028649194,2997.3241546828217,3292.7104681577866,2853.737158371705,2472.2394004214657,3322.7620302986047,2844.6623346591527,3541.007193275574,2355.9339439400374,2790.9272814647215,3076.6130249110993,3087.1847357868455,2928.099450770381,2884.93774299869,2941.2603452358712,3252.7848377094297,3219.82606294686,2821.959717894753,2973.4887966956053,3067.771447420596,3334.114372117852,3740.5217436313433,3742.50455946144,2479.194642092967,3571.8814389740915,3351.404273904286,3175.230549723718,4177.738566541849,4427.341235582605,3467.1044791666723,2112.0093431922455,3591.1455828875582,3046.5668972904928,3472.9150344829854,3321.29197092354,3179.6323786485177,4306.030615251033,2950.7691859167326,2374.6422899955905,2783.207288692999,2837.933999047536,2809.3648218225867,3149.142566981894,3067.5577299802508,2565.07603914927,2202.5453867787787,3335.537367449838,3370.8789383175167,2437.8646134341607,3239.746344638531,2947.336876810557,3172.1480236321513,2900.9880321720902,2683.181808647981,3122.162869855929,3724.566225261149,2667.5161757912456,3020.0530182393536,2853.963919457414,2798.9715245185293,2963.414100228318,3138.0013273559944,3155.294719003656,3714.754411260792,3759.2995904565596,3493.8392641321307,3786.0607585227867,4092.408412874541,3666.2158954804568,3754.790782092123,3112.7095109353927,3135.2498149545067,2517.857508732494,2698.3298736373767,3141.2101295749294,2753.4335308583077,2685.571006642035,3067.546678695507,3527.706312804501,2116.4759306409605,2593.8808140606216,2358.361180614629,3327.090646666763,2495.6065473750673,2428.279044368306,2653.1976891817703,2421.4832518542626,2503.312721153695,2642.6826994694097,2388.9727551704195,2399.5459036007974,2439.9856431694043,2227.3628783503673,2414.824394872663,2254.7586161403174,2208.5121731835798,2792.176550140899,3272.6979651013244,2517.655907149895,2845.0786906987014,2734.2403628140128,3660.7477483925486,4910.832625375223,3492.6315050636813,2560.0239862828407,2750.2508955780017,3021.7501307998073,2958.8564058906954,3056.7248945104443,0,0,0,0,0,0,0,0,0,0,0,0,0,4965.460760343948,4435.712188996206,3302.3519445082393,4131.581144812996,3409.1696281827826,3025.128910349068,3523.34718556149,2991.250891846381,2362.8524784290958,2877.968478020597,2713.268357167347,3891.862250118566,3379.9560456719323,2580.329287503191,2442.7294645148386,2009.1143028669012,1832.3781935569532,2089.1962513144713,2227.8897497619087,1628.5876504125463,2490.5635530550376,2186.675332944514,1520.112357727282,1677.8788810861645,2379.079112856448,2063.404001976107,2082.4750052202357,1845.4367488076912,2030.2222182842504,1392.4277351996475,2041.572047596718,2313.5460206100015,2742.0829352474834,5461.889857881163,1980.0310943894333,2093.781171187895,2280.1855111121467,2032.4537725840341,1901.440362857715,2285.164656035462,2628.3929719285807,2495.8535030104663,2337.145527108962,2212.029285486426,2248.022474280912,2299.0657791689064,2554.530749688049,2131.337244707399,1929.814212748063,2207.166786406662,2265.263147532379,2649.177244766049,2373.9576935209475,2258.6402568707517,2340.1370797161067,2871.562445282293,2257.413259995041,3203.5180208620723,1914.3519057010906,2985.2085012419707,2619.718163390238,2776.953986027647,2399.7946675468274,2479.5799538820706,2723.8023288424984,2571.080770223097,2315.4482787743086,2605.4690681889965,2153.3342760219193,2459.278095056463,2203.104687402709,2272.725691845375,2021.5216398391026,2864.282216160888,3081.156584412563,3182.746042249946,3299.635336346931,3719.3297157039333,4459.351113456421,0,0,0,0,0,0,0,0,0,0,0,0,0,0,0,0,0,0,0,0,0,0,0,0,0,0,0,0,0,0,0,0,0,0,0,0,0,0,0,0,0,0,0,2805.1364811262542,2508.023614819337,2414.62842005313,2268.5295546275015,2565.3858303841043,2858.8978193275602,2467.6103907396687,3006.694308546174,2641.875880148435,3010.128707569511,2002.3484775735385,2438.463195481841,2199.652277838821,2263.343954838129,2387.8198747772753,2853.547806616682,2202.807896774289,2095.3842302110215,2210.154025058675,1996.5367552607108,2430.0500164478003,2616.1126909463514,1988.8164326405677,2725.6108579735765,2190.768528770711,2437.3131557304523,2339.6127589556963,2073.5241748505346,2331.0263914467223,2850.4366075067323,2513.1503664120232,2244.258527715217,2380.240095019029,2130.8687646176522,2599.013758169337,2424.319141783705,2548.613986778128,2559.643377381044,2141.3254580269013,1931.5051310177685,3173.132392163767,2253.671003674479,2548.5499177493552,2289.2745231841277,2450.3213192882745,3249.284570399273,2503.545895685851,2481.0894100362316,2242.5851021339986,2511.1479378288277,2576.2954909482773,2919.70881914386,2363.411685381125,3419.8722983948114,2882.1801153051088,2500.185211488577,2316.415474058765,1986.0316144920291,2509.3638284622284,2428.640391807231,2484.3675090138086,2428.717906547769,2832.5025808020837,2738.161666438272,2919.314101747049,2948.512338129549,3246.5820893288883,2635.911369926714,2602.796860731367,3317.162209361627,3715.2542754032233,2979.573476406363,3055.6665350186495,3832.181857808766,2973.35848736507,2938.6276492905504,2604.6520920229264,3112.5283431371736,3464.9241398338136,3390.832958924577,3232.012211288565,2787.52217479806,3400.158781889955,3417.3450242643803,5055.111370478529,4591.189411983605,5002.933207188761,3836.35721843484,3707.7742212016333,3764.096854419734,0,0,0,0,0,0,0,0,0
As,300.34241434076375,0,0,0,0,0,0,0,0,102.67226043579397,137.1518497613604,100.31992338636184,90.91192003281468,53.264875379608576,57.45486552556102,65.18014810168559,53.98537756874311,90.92772467740863,68.34556138667254,53.49442133081373,63.67036087025416,50.33914508553665,76.47968309193034,59.88093940119864,73.07800496111976,60.33928103467665,68.37709203391599,53.35696028437651,54.17848321356432,67.29771103456086,62.21268615455749,73.86105138505606,74.12694574422005,60.77866306698767,64.67293691931957,61.94655465104912,61.09865693379633,59.13401004825672,67.17028271195015,64.07303375690584,47.065789353146506,65.82482857325125,71.76721853370124,53.42632256625093,63.1659678076662,63.703421787766565,56.1569722047066,53.68350339288012,64.5137262631021,61.53723983524444,59.47656273729662,74.7292923745926,75.19050156824792,58.86224955642932,70.76119071370778,68.38258477434036,88.67376782046409,76.1976937664647,63.33322674031767,139.86518726989252,87.26665590190736,80.27284165784195,74.10571650926856,64.9145991681739,88.24396514981433,114.90785000864628,84.25627594369408,64.57990740038422,86.0669930200657,105.94248419597464,134.2623052067491,100.57902904219779,97.94978230043961,153.33445267470708,111.14271496250402,113.7973765994902,157.17185581607143,165.36484931691695,145.9234708487865,135.13887086533853,154.3017104153605,121.70776170806384,136.5451665059809,103.01685885472962,128.8875088443036,145.51181395378188,142.2790094810378,133.2471415726307,128.62220940306807,129.00371401976304,105.79685750527825,151.6395128799315,113.00090934549897,147.5813794632769,142.29965570526633,146.47996118896876,147.3251024384601,135.3459878045214,158.40082848861195,133.10500093175116,117.72325348844265,114.86562049046036,132.0317594088303,164.5528629581399,127.27016980257793,134.1204457187187,143.11500184341227,159.2940722767091,169.57968466892342,173.4645332618709,142.98787891358182,197.14670319149286,208.12974185900038,149.3720769978219,156.78906961625077,148.2843420721315,115.14670040184777,173.14236634328898,158.81673770968524,112.49118871569395,117.45220377491326,137.2012810531194,119.50354403211405,118.14364157449663,121.24987501716937,151.77519414644286,132.8398043874634,139.0278568799751,141.39203861092113,124.92619404356941,123.63601004147985,138.961133246227,126.97284151079795,98.78033759188362,126.01476837446535,118.4332462609484,168.19404113345215,97.21334727754397,108.20247729754709,118.10534970822435,106.75134943286363,129.12689576712492,128.9193475567532,163.204897479653,114.7728602225686,129.49553148267742,121.59166164848028,153.8836245342673,164.33856192035822,195.99027352913598,184.5456931095297,160.2694211324452,130.22804318355918,145.0642031175513,149.4240356160638,134.75534229470125,126.60986271965322,114.19993366492785,122.34632480847395,100.55693690562128,97.65184951732921,107.473569247232,111.04220351373148,118.97830083519939,97.10018023478634,106.48335512490362,123.39954290036431,106.02508232681517,90.680558023279,136.37248517675687,84.42259798811041,94.8695287252371,102.546720622409,106.32070150699394,92.99056098041522,134.55654908014702,85.16647914421507,111.38302103523951,148.1553821319656,132.87203734212972,135.59424807905188,115.28831563251816,117.98667439228748,66.72255187299899,115.59230874442072,215.78390376507645,195.00707949497695,123.90049154589808,100.26703639575514,95.20561550609204,125.92922427323903,84.35612292178511,144.34236799139074,0,0,0,0,0,0,0,0,0,0,0,0,0,192.85851072271802,213.8923226713086,129.08079709880306,145.3844465656377,109.62007138989318,126.6342210514848,126.22235704749659,94.18311253706456,75.24698993747852,106.78863231718809,71.0577851323404,127.03210992268079,95.41236543883878,86.38424136371397,65.39028544635345,77.51980604365575,57.76064180703595,72.1339446598288,75.2110622385947,70.08532358575185,60.80247109950162,65.46982300654463,52.98701038446739,60.45342215661226,56.78056676176403,55.64626665233005,58.23008304178831,56.90860167204184,92.16196384074472,56.3711136804039,71.1504087658923,68.58677788876267,71.6644578760127,103.69265960532027,77.3674416078729,48.57036591902592,79.2115989986563,75.61282647055206,63.83036913573934,81.00392266249013,78.63243525088963,104.87336565820205,66.83580986230854,65.9574476129051,79.92018093775089,62.76866989928541,81.79905246489821,85.71216407711837,76.39035074844257,84.15047564151617,77.14453237453164,74.80380480621201,73.15491219342687,63.37644443627335,82.01345255865061,67.7423129883388,63.32556194581351,69.61369713780473,73.25936487231327,78.24078729771924,82.58685200203587,78.24528905543708,70.16650866355276,71.45216019124354,88.9380719282839,64.64487508410804,81.582256550202,70.58573057687866,79.16940283527744,75.059465718258,85.7188096648422,66.55041163814687,74.50522171076695,95.44419591277095,102.8136286115547,88.45855366762576,90.79734704347807,135.92971691689954,123.77675862896311,0,0,0,0,0,0,0,0,0,0,0,0,0,0,0,0,0,0,0,0,0,0,0,0,0,0,0,0,0,0,0,0,0,0,0,0,0,0,0,0,0,0,0,154.29950176297967,108.81045738274993,85.7350746878009,66.32040245634566,85.7494209777471,88.53120361458637,100.93964421970261,101.77498208258916,94.32128512276762,106.97554384980998,90.18363726818856,66.29507840495698,68.6884693024332,91.24172521950068,78.69585704487761,83.21781672674521,74.39097798237266,58.89828453694874,88.71583151983143,66.65305734891216,77.90209784757856,86.23999904759765,68.17215943540857,89.8622289783195,76.93611170346475,65.04514876028622,94.26882920299228,66.93671493717335,81.35816492039878,83.36131878287223,74.97732849450986,70.69821827283144,71.80483474881629,91.18855418036705,98.95251266563695,80.34084743053855,87.53468187795099,114.10693258919393,73.76728721822992,79.61757915579466,82.65776992136726,110.72325216348817,73.05181487833559,66.97726526145057,95.31983629805598,81.38495165458893,96.69906640229436,71.83472480028833,99.30827427455506,69.35242855783434,90.63760390924078,88.33666133999807,90.54338738864742,90.50912544458394,103.29863406352851,79.70853940971108,97.25866636726998,109.6527269758515,82.93161935731625,95.44210453347422,86.43131923615316,77.20299034582128,110.79689758484216,102.21513277449644,81.90814287363848,102.50359183063723,96.81068235531676,119.81219466709818,100.40907804546376,125.75410372674001,113.25003888432538,93.83090392296293,94.77649917709076,111.83137278259416,115.98401070852188,109.43515060926488,111.51327944232794,91.42823777246892,113.48755244027927,140.9044976404329,111.54354888970774,121.3056588074252,129.7935651781188,126.9723511749422,108.63727458029628,158.61267697401408,174.89690408127927,127.76943579545951,128.36506455760008,148.32534496688115,0,0,0,0,0,0,0,0,0
Ni,5492.856097823841,0,0,0,0,0,0,0,0,1242.0459689167565,1268.3865053144855,1022.3187627603699,1062.3033921673766,878.9813697977839,817.5041147174173,666.6322833942819,733.4380699222048,894.2039950602269,819.414425267659,830.3014730371232,869.7211375630295,868.0662833606176,769.5498736500416,718.3249112210101,873.9819024167867,811.4567012848248,832.8599006121327,882.9822512022974,1052.4402384926407,1037.5715183226205,1166.0102027575317,943.9586826387106,875.9916560326634,932.6128584276629,761.444990225576,726.4757547467366,715.5644864227646,854.9768929968196,718.00154757035,890.7576897690177,797.2508702374793,702.1738411866232,770.6283928352907,864.8304101131571,899.3093305295338,916.8611862092066,787.3387259318238,676.9025336159002,861.2379437691412,731.4749329545663,835.323126783827,705.9386178246142,866.2848992454558,703.412591423499,887.4162693208789,846.7237221045875,1136.9547052471542,984.0462762245647,1062.4952999515563,1404.9007000389236,1147.164633607061,1196.200773213551,1245.8316889897735,1074.1403603574363,1336.4033233965533,1234.3563346571252,1302.0729377221137,1345.0195979670004,1268.7293455345566,1354.2993352503256,1552.4951117663672,1588.2774823326886,1772.8786332692775,2008.8252618761028,1707.7699256479377,1414.2505841544432,2195.8175793441314,1774.262979280192,1379.1519536692574,1332.430394047061,1932.351486602136,2176.9454054374587,1530.4964468008066,1970.0738153963484,1703.3096340925426,1563.3508774123363,1412.8294968837981,1470.7430326574076,1776.2226108240693,1990.4179908468539,1730.923454285924,1779.670004995904,1766.7160238912188,2278.4054498563405,1620.5804549655566,1762.834404623395,1604.7314427562476,1879.625441712697,1355.6212317564498,1692.8984864077693,1846.8183850370617,1413.1319096937518,2052.42515229494,2077.969973016554,1395.4835406360726,1686.074332493295,1979.4356786743804,1799.810983539047,1632.877041673242,2064.213274120232,2058.7844057535203,1983.2782380516403,2453.216950779207,1822.3091600376404,1724.5187894028622,1583.427238196839,2131.6973728640833,1839.5786626324937,1836.5030151345877,1665.4997765947824,2027.526834012734,2166.1129706567995,1748.652458005332,1597.890209596356,1738.3787047405276,1612.3903660203496,1599.733706045718,1772.9690975148567,1704.62976285105,1720.2165253353767,1646.943682994539,2309.0651024872436,1486.3450428639735,1984.4409331535064,1562.494574104458,1811.0541211248901,1466.9183203830867,1503.7223256305324,1578.0727442023876,1528.8938862132966,2350.701433460824,1719.2195093457806,2232.184492846856,1796.7806342378167,1844.8954423937491,1775.4420426683237,1541.995973225354,2125.394670170418,2171.68924805031,2219.2323950533146,1931.713587886456,1727.0215142428035,1782.2702828716535,1839.778545922765,1754.471224723074,1554.767810440293,1538.1133577436137,1887.1149476735345,1614.4918171855836,1706.8620700055599,1687.3184194830944,1528.2988406275688,1172.5364579854804,1432.9619930683334,1163.5207822312188,1454.2773622220504,1602.0887363103784,1637.7573396938265,1167.6904309482015,1404.5351287566853,1800.8502191865907,947.9750632300941,1583.2587426726973,1251.5170569512682,1205.9155157178777,1236.960556209783,1134.7502034084878,1504.5774952660342,1476.5928351333778,1824.310827344794,1347.851417587325,1551.3271045760323,1372.1654675383932,1233.2622734793342,1591.4242625176428,2079.718633580249,1788.0063796832824,1388.1095702828125,1369.1402499085239,1591.4523219855241,1380.8731984638287,1154.904812994596,1519.5368053020002,0,0,0,0,0,0,0,0,0,0,0,0,0,1894.2497018721674,2099.2790163332534,2208.191820108204,1683.5240311749656,1361.7417593842256,1721.862406833467,1372.9242542879365,1223.455780774378,1177.5175071528022,1433.2556318842976,957.4183089775038,1202.2391288873719,1583.9151887611813,1203.8761032988052,1022.0771391076914,935.4477607456532,1025.003315870665,946.7321283897912,948.0679683327802,1035.3456107118855,1037.4599239821705,1045.8674695269726,989.6379760086736,1042.388800263213,980.627904339496,1060.2907047255694,1078.606497945635,831.4476360862449,1016.5562409498724,887.779688938964,849.4317427348257,1009.3509795178443,1263.019254000835,3850.014914281008,933.9299293695234,697.4271635856483,960.2241735441662,1014.9901588154314,923.1239982228382,954.8621325658668,1311.4632030328953,914.233224210816,1048.5126873675506,897.1285707062307,1126.6621635591482,1218.8329413505305,1001.9123068044814,1234.7421608984578,952.489034696457,1039.6643081015475,1335.8996545323344,918.9664458201387,1173.588123022269,1092.6770217912563,1335.1952067158234,1143.6508279658356,1090.838987383829,1144.0399486864019,1073.0348260326102,1179.226522495048,1074.9821011055762,1176.0799517900177,1177.001395037072,1203.8411146410767,1478.5721518279802,1203.1046081074362,1259.6052047551593,1090.4129658475117,1336.4943894316943,1049.8273211377266,1231.984612622671,1177.4586121606437,1469.1322742040486,1339.1587314334931,931.5812791244031,1455.8255574516386,1077.092815848268,1420.1487256758442,2329.2276349464387,0,0,0,0,0,0,0,0,0,0,0,0,0,0,0,0,0,0,0,0,0,0,0,0,0,0,0,0,0,0,0,0,0,0,0,0,0,0,0,0,0,0,0,1306.601121029425,1403.8544068970257,933.881959054213,1244.4845065893257,942.3648118758388,1288.381352196013,1491.897100496449,1514.7657950439764,1381.1823329287724,1235.5806061471617,1266.9800585975636,1334.0948939476034,1021.9787917118687,1045.4347865714515,1164.2387396965937,947.7474360891058,1196.7933517244844,1040.5793084419092,850.8370712976987,1223.2317697651897,986.1966711154447,1284.2226367515339,1202.0351629490408,1009.8185225889923,1303.5979661852753,1322.4561702173166,1138.648513237656,1451.1660331744279,1207.0661820768619,1152.1137675671519,1489.3773758198392,1243.999784827096,1171.4040596288378,1283.3529664511054,928.4462193290691,1069.509735271969,1187.3727827615576,1145.2505900581805,1165.9006496587165,1201.161339734374,1324.8094776443313,1126.7749328347177,1144.1186620599894,1330.9470005119924,1359.871095049377,1160.7752738016675,1225.2387322188042,1084.9109294707557,1312.731201092499,1280.2519991134393,1498.9118060641376,1025.8515637118903,1428.6518537501922,1140.8450681735865,1199.8109880031202,1411.4598262404613,1466.4009400466396,1769.821978951473,1497.5700640814182,1415.807990733233,1451.2473062469692,1265.6022928989344,1231.0278779914781,1171.4339745697498,1341.4366828295467,1548.0502444331098,1403.482819989483,1721.8841982434667,1631.2749018998961,1518.2460701478228,1691.8044294162164,1547.8241966286935,1574.4516382188829,1728.4453579958233,1483.2539790246292,1332.4287747600024,1617.7258997161182,1379.3257329189948,1606.1176989769524,1471.886912232758,1755.4356587951445,1443.2821609215923,1660.2441151041587,1677.464057395712,2022.1445890360776,2010.8543154236213,1898.7944753557983,1669.7772452480776,2064.913574784267,2167.6961081737854,0,0,0,0,0,0,0,0,0
Sr,116771.85741565055,0,0,0,0,0,0,0,0,38276.74569512246,33538.579988083264,25165.69291530617,30172.95951757391,27198.182249861253,23014.277768635184,20221.77746890612,21980.688101339183,35241.410854888345,18313.618066677158,25609.968047356466,22850.713324403678,25361.718115303178,18406.22740851888,20070.50368905237,19025.304730339096,18669.195566645558,19550.293010786972,26837.066429243314,25178.309937714464,25882.29459624794,24631.83987517263,21494.117730141163,24795.807291376113,25113.668674500357,17716.147912773547,28765.344937589292,22563.409635433276,22471.972841977826,21902.602742593754,22237.194766876943,17425.201140657337,23057.92268321392,24319.303468972128,24206.15594563998,22165.66249153824,24361.68782481716,24486.777783448328,26393.79425810318,16418.724395610905,16960.528828595776,19151.99165886396,18407.031282174416,17489.370475748856,19389.797247892246,18393.782764108848,22312.076995458272,91459.14264383602,66611.83835300738,22331.14164796286,35245.60594627382,34073.48715469786,30948.31768725336,22068.50475438189,30900.00187154761,33837.51495949101,30557.768734410714,29231.852540279317,34521.76427234625,32980.86286788414,29533.45280216027,36155.52409634528,40970.98105593867,39991.43374330706,37079.067326670505,30403.17331303862,35755.96728484969,58861.410260729295,48554.1500750972,49223.552204176034,41315.084008366044,42427.76254514894,52014.08229097978,46046.41272415538,45389.21166171042,51047.044010012236,40835.65894554853,47224.8679103785,42261.51620374477,40446.16472862797,53032.37038233665,39640.28889867253,43009.79119921657,41029.38043244176,46705.13478888294,42069.67105136913,49370.38053059843,41927.63601045351,43391.374800669764,42823.220010296114,41933.2727379924,38655.61054455877,38881.092504913584,44343.60002641095,49683.41979902979,48182.108201945346,44125.10748020543,54905.799078439384,55832.30807820682,62527.144693491464,51482.01708806745,50042.08958301756,56358.2761427184,44076.064507239586,57039.68322884283,39959.98255475723,54569.948494935845,59538.858354449876,47908.01103156185,42149.67704737307,44028.259333904694,34742.97165993523,35996.859032490036,46662.427510883084,41877.805158072835,43399.9606942541,37657.162170210024,48996.788964715226,40381.7125717794,49419.144573688645,42386.1601500392,41315.121292713004,46992.15144970535,36090.54347358343,44936.5816199372,47484.47483844159,43340.25299284004,36960.596638363044,37822.481462925796,49812.07456550751,53987.81327365684,45102.154096359736,50925.859831496804,59430.24359511609,44774.800455522905,45886.491277902394,42045.36436136,50154.42226046084,50949.24449846979,65642.7429932595,62643.52134321367,50872.10210396208,52162.205932551886,49692.70139305409,59549.73317581244,49685.80425057951,42988.96032405701,40376.12045027931,39584.25267689715,39616.607131698685,36901.40656083748,43203.22427183447,37286.50618365405,34513.981598679085,42324.57732246998,42370.041161158944,39946.34591647282,32354.614106833622,34756.253107428594,38656.77456310056,37245.50311119113,36325.14070401303,38733.32339107323,48656.44901938882,39537.074660421364,39764.34554031608,35944.622986433904,31685.168324095903,63176.62583306609,35549.962905206776,30197.28791952476,26060.11323525636,47091.638640043195,35457.714058309044,38949.86599731246,45957.29463305184,49376.704015426185,56814.187001939325,45479.51416301098,40674.34458869977,33280.12496922149,31743.883135911554,43270.86099386946,35766.11876838803,0,0,0,0,0,0,0,0,0,0,0,0,0,49943.13736320017,55956.17442157056,77981.67370278153,45399.728351841666,49742.04498976446,37909.7940379291,49286.81071517405,38305.90565995652,33542.78434684201,32882.66281424481,29657.965643236443,39953.0451322509,40379.69074100201,40616.26762047039,34470.7024047681,26177.736285020943,26563.995078582953,20823.407015924255,23952.56096283542,24622.45861100716,32495.412368958507,26077.181032346638,25414.95653861602,27979.320656181557,30062.38990517185,27920.85070527273,32479.869909794637,25289.635299133355,25641.624035043595,22220.146674303633,26851.2843262718,28469.48766768132,23016.06858628093,60560.444851236396,30916.555471898027,21843.815643275426,24075.413586988612,25496.137431071566,26155.782014733013,30331.751901062216,30757.82085880595,26266.874583155786,33046.67755236988,27606.818721227824,22199.245899218575,34770.98597354743,37711.496588494236,21361.062560381502,31531.85028117626,32606.706158100573,30338.362666831188,29453.06514945854,30920.153827208316,32812.6170135194,33578.35564729882,27408.173728300135,28484.93845836946,28157.05557087871,36196.960917940036,26818.12498002132,29459.039161784363,25707.01720493261,30406.581262999924,29544.850116399008,35928.401022188904,29237.2183653176,33341.27801288556,25149.708655582464,21840.743457007717,37366.774037492774,33770.89363241416,27787.381731351114,31090.076539471527,27111.34457683124,31499.220966971803,31980.339802690294,39242.42881890364,38369.95778531029,55986.14598728186,0,0,0,0,0,0,0,0,0,0,0,0,0,0,0,0,0,0,0,0,0,0,0,0,0,0,0,0,0,0,0,0,0,0,0,0,0,0,0,0,0,0,0,48095.2632726679,40193.06925895435,34126.3405659767,33621.17522897884,26701.54618162625,30769.374914082367,31257.374765978686,26769.168854235475,38620.40165767315,31842.82423961332,32981.37116488698,22524.556256223063,31454.808201209788,28582.62636442184,23537.325909244162,29651.52314764257,22138.543110318995,29114.57472079565,25219.668245741686,24631.769469780244,34545.90777762543,27388.594054504174,30547.78126683829,28161.278745368403,30582.565414492434,32867.11442302294,37095.28248216935,25560.000877960127,23720.336126036167,27165.06120944144,27044.285172178013,28217.266127676405,35496.83327548492,28582.88318996099,31090.923928040636,35244.316277394806,33867.65511475421,28028.14254369521,27226.558147387714,29462.91770428755,29266.56465418823,29049.027737775927,31094.759160642254,29639.24672148852,36670.222366294125,35984.86639543188,34379.613856127886,33695.36119798014,38142.83809640692,28119.289765527123,37727.676743518976,25626.520936997364,30774.364192674442,33406.598732108425,37878.31299579903,39292.65761150149,32548.62224722159,32069.66809396794,40852.10624345963,41758.481145656806,40658.842500821585,33264.505608995525,31700.943319124508,32470.60529999746,31338.907816972882,41400.764091216464,40960.28350229964,43972.2958103926,30983.436339874705,35676.872356548454,43768.03812662158,36845.59944132239,42545.96407535385,38548.826180279924,40254.475731190876,39458.94073602914,43449.19451279459,45685.38265537123,49047.555437821306,39229.98697983091,44516.550774087234,46992.66132023198,48749.4854470948,40251.488874932526,46375.384038740216,68845.85144306613,65567.159843773,49959.0451783137,53513.88231552692,61051.28883254074,0,0,0,0,0,0,0,0,0
Zn,490360.6672618606,0,0,0,0,0,0,0,0,111992.24589220875,112633.71395354834,148533.1199084929,83871.36082835619,65720.38641759189,59365.404164643005,74509.00240194908,56409.97769125224,82716.64000688573,86335.37027363987,66337.15851128843,66803.7929573015,80347.2594443177,79252.47929973906,70988.47322164997,97258.9264377464,61523.78519380487,84308.78737765434,72567.70277479281,77596.57047473252,68832.68393800623,65046.836465023414,69665.03612806856,87056.8688686129,75982.2018919462,77431.93000732045,83749.6108965189,82607.21874279564,84944.71115371207,72133.31527781078,79760.65191587809,79161.99052835195,71937.35983669692,62604.57455813395,62685.97686496005,68737.02228056856,84641.03561764499,59616.29022384541,74437.69328632501,72531.17807870299,66046.7404378818,61700.49650627499,78069.2266698774,77182.20738229596,78710.82616681045,66157.735532865,83797.11504308999,91050.96651283867,81605.79897798992,64508.91779509775,148482.68689973955,100646.25921592873,99883.91017529655,104375.99801933538,115642.9598745053,113752.84579994864,111338.08593044315,84779.14840745195,104509.40915247655,108932.72132942313,114833.01547487796,115941.82715157155,127639.91217965228,123380.44940131356,150865.88889200907,108486.82968127704,185379.0903374845,156578.47290646462,188578.47435308568,181241.04729290478,172272.577483211,173589.95328358078,150953.9114243868,152500.11428348458,117888.86002456081,141749.88615474958,216018.66422731648,142475.04502716803,148123.17399403104,143629.54940712088,148075.6120511971,107949.66610702984,166835.06710927543,145535.60297258865,136318.32036521944,156966.25301036524,168211.41066974436,149716.07199549922,137724.99647020042,203073.29995872988,149780.25699543918,171213.69018666123,114555.61525571208,162396.9974411501,209006.82239852773,189223.30834635533,176519.7765173183,203309.82497287844,194437.49039253528,180060.6960461856,144224.0050875338,157957.0532481734,241170.90321526647,230492.31771040848,193736.19868737194,220067.92403890987,129904.38058209648,144170.67749031,171466.85652897035,133970.53030738368,160829.61050040965,162705.6116557947,154780.05105338668,146407.96536168523,136912.19154251798,113597.73863636109,227146.943781435,124170.12758358096,137700.95833081394,156186.06295654256,143598.53522816175,120183.98463560616,132395.9771815029,127242.81338455612,151140.3022005715,126274.70102683234,150659.3972102979,145687.16193281816,122893.81349036816,141690.0353677225,160813.9059860658,143634.33037578722,151021.75588205984,145633.26718780512,130002.44557227015,136855.0454428504,133478.37531366688,168666.03873966777,186271.32537450493,213346.6470516431,218074.08070189535,167871.5233727428,173877.30471718824,162383.1851191866,149046.9337684247,175881.54445019978,153670.28231217488,155418.0772896682,128003.77893004075,160820.7182701855,155940.46835830848,93445.5649914862,121017.24219128021,140640.57731719315,137277.18650901492,111860.39666022532,110089.87919994551,138444.7695670265,126899.86284726206,152319.52079834708,145412.37324616968,94252.34775565936,131757.65022037824,111638.83020042935,132621.53929426565,101371.97879886028,105798.15517298543,107443.78302056926,130684.37475331966,151049.01127437796,134952.02716483036,120451.28672579872,128701.79632318289,150743.1789212828,134626.78309313065,119785.83623464679,204403.9330301178,189735.359264056,107660.51448694816,115944.9964337787,126288.23115631702,122341.7202648843,126730.66075819416,160057.554766473,0,0,0,0,0,0,0,0,0,0,0,0,0,151759.88859662696,176164.7379741283,212328.6261303939,150144.6925581737,113022.2686412927,144185.71175571205,133924.2006818005,123582.09402605415,147468.08387444972,115576.84734970702,120105.94873799966,134860.2812462046,113417.03084701423,128201.06344705944,89944.42932142116,84953.49885462168,82720.16349212095,86878.32273531872,102078.02160423508,81588.61307317976,67653.53220469302,70447.01864579509,77450.74136655535,84915.87777879059,71188.03747893279,81461.69364658666,80636.1438052462,82371.08088955416,94757.69690400068,85715.12345709906,73052.20058236482,83982.0998790338,135317.5812283917,103312.59570753665,90452.04697634811,69237.01954837888,83863.03972995488,86558.05785035687,85081.59427495029,113169.95482873823,89704.7398284559,106663.73630375032,93506.79440914023,79555.17939710896,112165.91539008231,105965.80586852743,94566.98254627243,95502.57822907942,103335.38197731094,104360.66898823742,103540.81029151316,96213.99707888407,107733.24871364876,88282.81519958805,128817.06527507806,98748.73787658234,96289.68582398414,104032.42885631476,105922.9482872096,100283.25294509098,118301.3359825472,87593.96156901274,73845.10252542546,88943.52172152177,98423.3310102418,85828.38717141915,104952.49837409386,98489.2253984632,108262.93931605539,99159.78763271343,110909.6435017911,102695.76036044111,100566.14205095991,94511.7313954964,130120.33761360325,119337.78141490038,99385.97023386948,132526.1770715257,150262.42276438564,0,0,0,0,0,0,0,0,0,0,0,0,0,0,0,0,0,0,0,0,0,0,0,0,0,0,0,0,0,0,0,0,0,0,0,0,0,0,0,0,0,0,0,166370.38840443143,137058.2618183307,117149.64538941534,85786.24590380627,116184.01496695353,119257.12229095417,133070.88759675398,132972.86725478788,89755.73009595134,122177.06500984082,121361.16985265906,82574.13463909978,88499.7569950517,120390.27939378246,114516.66391200491,99100.18218762298,93514.06172481261,94481.60507734313,101388.74826125329,95445.8026287236,80442.81146860869,110805.72158815151,78652.67850374339,97810.69114243143,118610.76360149527,105038.12541173409,117906.23811996178,89195.61372766393,95640.84351244179,111863.80589019373,106201.00718143108,105401.30859082159,94449.14007048034,107712.19259692109,117923.18966384514,109102.96227321366,95002.9995863213,122194.51219262644,83063.47293063441,120608.63913927335,105907.45018323277,118618.03142597049,92913.31225359018,103232.88169094488,148973.8026232252,108381.73670999675,121228.67413746893,105470.97519541955,125161.71942472857,87696.68808463418,122437.65988745618,89167.7910143794,113097.61979177092,90434.21711581117,112963.59157832302,112315.50400970467,142468.46012183029,131187.576649789,122160.26163688072,113909.53583078376,102072.90797592844,97884.462758985,96793.6600894315,140732.3609282384,107786.32854214581,119527.0686295707,121959.90419192963,160531.94232280678,117166.03348743162,145598.63532593966,135481.14782452525,119413.39308980765,122845.4908602117,144653.64397773225,107168.30193009498,142341.80183110302,122237.1676452517,127942.46753039143,151272.2929806937,180347.45957529542,146517.00477732718,149406.54346140922,132961.47962766179,151186.78971580465,136013.46859547275,165860.17326551973,187089.67843901337,144752.45772822105,147421.96254950739,187144.94049592983,0,0,0,0,0,0,0,0,0
